 T T T
          45        3400           5
 T
           6
  -6.67223000000000       -6.57647092056857       -6.54599642947491     
  -6.36119435815762       -6.06607544656662       -5.89407420409700     
  -5.76690610815503       -5.66158190042389       -5.55977726027804     
  -5.46333764391775       -5.38438071896786       -5.31584607253351     
  -5.25575788119063       -5.20103344039748       -5.14988653664092     
  -5.10051993724392       -5.05271737510886       -5.00469987698603     
  -4.95718968209654       -4.90839130220860       -4.85556421061183     
  -4.79893220239077       -4.73834523000970       -4.67362426250832     
  -4.60474153489761       -4.52844551714185       -4.44236952926688     
  -4.34459622330516       -4.22797548367572       -4.08047344612770     
  -3.89718662056758       -3.65044236621629       -3.40210151162809     
  -3.16680177715649       -2.87900240066297       -2.53631948550381     
  -2.17306255237241       -1.80758147506535       -1.43782463617593     
  -1.08788760039997      -0.732965966433443      -0.348708254259113     
  7.625283929659973E-002  0.524619230739286       0.886459000000000     
